1 3 19
1 2 25
1 11 13
1 8 25
4 11 21
3 4 14
4 5 24
4 6 18
5 6 32
6 7 24
6 15 13
7 15 17
3 7 15
7 14 24
15 20 17
15 19 22
19 20 35
11 2 27
16 17 10
2 13 18
1 13 22
17 13 19
13 22 9
22 9 8
9 8 14
9 21 9
10 8 7
10 12 10
12 8 18
12 18 33
7 8 27
9 10 33
16 22 18
17 23 27
23 2 9
24 11 7
25 4 23
23 27 28
25 5 24
25 26 12
26 27 33
27 28 8
28 29 18
29 30 16
25 30 13
26 29 24
14 19 17
21 22 20
24 27 26
16 13 12
9 1 35
7 12 21
25 11 19
30 20 15
12 14 20
28 26 14
6 3 20
21 16 23
26 11 19
30 6 26
3 8 12
15 30 24
2 27 23
14 15 18
12 3 14
4 30 25
1 5 12
1 22 16
2 3 19
20 28 25
21 10 30
10 18 23
22 8 13
5 8 23
5 11 23
6 20 17
2 22 19
25 28 14
30 28 16
20 29 18
19 7 21
8 18 24
24 23 12
11 17 19
5 9 21
14 18 20
25 27 18